lastAccountName: hipppie125
timestamps:
  login: 1513046993068
ipAddress: 127.0.0.1
logoutlocation:
  world: world
  x: -181.4885723249705
  y: 74.0
  z: 242.3216496326359
  yaw: 356.01477
  pitch: 47.849983
